59
28
115
55
109
243
393
152
208
110
356
298
275
388
275
136
88
76
426
428
316
367
383
357
430
312
202
104
99
480
182
490
4
511
42
158
291
375
37
5
152
352
32
365
98
135
264
255
429
106
282
361
196
231
218
289
330
223
59
92
85
366
113
348
206
259
511
164
422
491
106
454
223
366
200
335
384
34
166
337
328
450
262
429
331
36
366
382
138
355
139
261
477
282
156
104
136
201
298
182
239
168
109
20
386
346
300
290
177
220
69
442
487
87
323
406
277
213
362
83
218
469
231
379
362
305
256
415
79
132
386
280
105
167
271
434
140
138
222
122
409
339
29
233
401
172
361
273
34
392
17
330
349
399
346
281
348
81
373
72
110
266
205
509
116
320
6
245
487
281
457
370
31
392
102
257
205
357
225
356
48
268
335
503
376
249
186
358
3
381
50
138
14
78
219
203
303
369
64
290
0
403
178
360
205
494
286
317
6
213
62
367
404
476
47
188
205
116
267
479
429
104
63
184
395
311
334
404
149
420
416
291
76
331
193
41
452
313
100
279
24
356
190
156
463
128
289
387
399
98
355
195
441
263
252
160
121
223
31
445
212
250
281
131
192
91
252
144
311
494
111
7
258
478
275
384
247
0
288
330
85
341
64
457
442
354
455
500
71
42
482
222
2
278
26
452
299
59
188
405
113
187
30
214
458
157
93
307
230
329
176
382
72
347
350
455
418
173
182
198
160
202
189
205
7
360
95
263
386
8
30
207
97
138
289
381
135
160
99
86
306
160
441
45
190
369
6
79
498
155
367
274
96
159
288
477
483
258
275
3
12
353
371
362
181
347
189
156
401
372
2
199
241
17
310
5
326
23
210
59
249
504
283
90
65
122
303
83
308
482
81
76
132
237
157
139
126
217
44
384
230
274
221
276
329
481
452
293
273
510
497
48
30
389
111
87
48
321
494
6
264
205
510
244
282
381
371
44
346
444
403
444
173
140
317
146
453
2
9
455
214
488
228
8
50
19
208
443
71
120
289
312
250
157
252
118
100
217
26
354
44
229
150
338
490
173
308
299
372
396
498
435
14
151
180
63
456
230
407
5
119
296
234
410
407
31
438
501
313
293
83
283
95
315
386
112
90
365
502
485
474
304
462
394
171
497
412
62
160
335
100
355
