7548
720
470
2249
4373
5764
4277
3362
5958
7929
3304
1247
2802
5384
325
7169
1943
5398
1681
4329
2591
7088
1157
3598
637
851
5059
2740
4421
2387
6483
6868
2580
3586
1349
6178
5003
6937
2252
6334
2572
7641
5847
2412
2017
7255
3484
1135
2865
6784
8036
4679
4572
6266
716
673
4378
1493
854
2504
2328
4464
7448
5857
7499
4751
2907
6732
7165
2940
4543
3962
6457
8116
6241
1241
2872
5852
681
7546
3019
2715
2300
5820
2307
92
4504
6052
7971
2558
1220
3183
500
6969
6945
8162
6290
7898
1968
6691
7333
2440
3567
3204
7883
6864
4557
4222
4689
915
7116
4472
408
1969
3873
4992
1025
869
8147
4442
2666
265
8171
6568
7855
1824
2077
6932
3668
3685
745
2789
7255
4938
6403
1664
2088
1075
410
6395
6300
7631
7467
334
3210
272
502
3687
1368
4843
1865
3388
4608
1631
2404
5397
3589
5834
4491
4455
3115
3363
2620
7025
2212
307
643
4687
7035
4865
1899
1210
3947
5119
4150
1786
4568
3949
4431
6319
2077
6608
11
5451
2280
3579
6976
3857
5305
4068
7441
1168
8116
4330
2712
7326
3240
7281
3599
2797
2990
7663
1683
4500
3681
6790
6595
313
7199
3940
7079
1259
5898
5355
384
126
8026
5367
5475
5093
6228
777
2408
5446
1534
6408
1895
2750
7275
7522
2364
3698
2820
741
6216
6552
3204
2748
6611
6224
3624
2590
178
2064
55
7051
264
4181
4788
1076
5508
2589
6787
1750
241
2713
5539
1008
7416
2611
1258
561
1801
48
3161
2227
7529
3818
4584
7694
1267
3064
6216
7184
1943
5536
5491
2079
7752
7044
5125
5415
5831
4089
5399
5911
3555
2664
4982
2834
7806
1843
4290
3460
4346
8182
760
2796
8176
7883
4612
5433
1851
6750
102
2528
2241
1784
2359
4349
3346
5581
5427
2243
2303
2051
1701
2065
33
4860
473
5321
8123
2206
4465
7513
7635
1646
4376
8164
5118
3005
7835
7081
242
4179
3229
4963
2905
7611
6209
325
3313
1252
3277
127
3975
1221
8133
7672
5287
1471
6832
3182
6720
1531
7490
2549
7664
5791
5369
2243
2184
3783
848
5883
3277
4753
126
5317
1621
4446
4043
492
7759
4745
115
2440
6080
924
240
6263
3739
4885
1012
4238
7769
4250
4562
7428
3386
5261
1180
7112
6051
4055
6611
4756
8146
4131
7415
1477
5427
6103
96
734
1344
2997
1504
2562
5937
1705
6400
608
4611
5970
3815
1847
8074
8137
2873
4294
6858
4344
2081
6301
1653
1353
1712
5991
4825
3566
4818
1822
4171
6501
3413
5190
2538
7399
2711
123
319
7660
5200
5499
4112
6358
4582
2157
3260
4148
8143
1899
5656
6717
707
5842
1213
2699
3776
8141
1451
7003
6106
3586
6341
8063
2272
8182
1679
7065
4654
1391
1168
3954
3194
628
5397
5955
3291
3773
1021
1631
4245
2694
4570
599
6767
7803
7174
7647
5430
6024
3015
26
3745
7618
2094
3808
3279
4841
4921
3280
6971
7924
6
3757
2231
3305
2068
7125
2133
7659
4582
1095
7739
678
3197
2558
3587
6885
7791
5444
4690
6109
4799
4879
4317
8079
5040
7347
8158
1774
7932
6343
6874
5768
8027
4837
7903
2967
3058
6874
7990
4043
3237
537
4809
5898
3643
232
2600
6004
1307
6770
4779
4054
4670
2651
3186
2138
4835
3806
6065
7275
1769
7110
7903
244
3934
7376
1287
7340
4677
5708
777
5933
6810
6672
4069
1400
3288
2857
3277
5789
3648
7689
3874
2206
5540
5247
784
7383
6723
6001
1897
5187
6797
1039
1693
2140
6612
6981
959
7729
4042
4487
2807
2291
5284
6002
4537
564
1275
7091
1858
4862
2768
4555
3440
5634
3917
2728
7290
930
6473
6960
2782
6623
7715
3307
593
2153
6385
7950
6389
6810
626
1573
7508
6978
5122
6315
5757
4116
6434
5111
3830
6811
3016
6663
6487
777
1389
3097
7013
5502
3100
4927
7793
3410
6743
1763
2351
3216
4728
3550
7024
6517
6421
2546
986
2772
7129
5261
6813
186
1602
6308
3279
5172
7967
1562
1645
2745
2197
4783
1282
7096
4328
6641
5002
7586
2485
7430
5645
125
2677
1127
3828
1079
3269
5637
6773
5739
3674
4773
6527
3304
7678
2954
6948
7878
3152
23
2704
3316
976
4233
2842
3244
4308
4784
4520
808
5036
1889
6830
673
7584
6026
6396
3884
7098
7931
2238
98
7558
1727
749
5363
5758
6806
606
6944
140
902
243
3954
5739
1751
2261
5729
3222
7438
5152
2591
1339
6797
6574
2263
4947
1201
1566
5762
5609
3661
5637
1633
1941
8060
5402
6498
8171
5110
1071
3996
6786
2890
1484
6883
1871
1467
541
1875
7336
749
5229
7491
5946
1115
5899
1842
5935
316
4103
8059
2866
3273
2063
7981
3834
6164
2889
7065
3973
3927
1387
5632
1487
1705
6824
1070
519
1362
5536
1359
5407
4558
4397
155
4675
1452
3921
2279
2641
6428
5146
3512
2867
3625
7261
3742
7687
7468
4374
5818
4194
7239
1676
881
5643
1387
851
4556
3424
2019
4470
633
7454
3902
436
3165
60
6491
1385
2900
7222
3203
2739
7339
1720
3532
3116
8107
1591
5336
2652
148
2497
1459
6850
6802
4471
2851
2925
3401
2985
5405
6753
109
2541
6236
1606
6135
7036
6225
5887
2862
6965
7356
3844
3361
715
3217
2813
5285
2829
6580
8126
700
2823
6793
3511
6076
6983
6541
1177
4319
5269
7817
5554
4480
3502
7312
1261
1331
2971
2736
1934
5065
3230
6169
1937
5875
3434
8139
4049
7551
2206
6432
8140
7106
3415
2937
2023
1881
3476
538
3400
314
6334
7435
1483
2083
2482
844
753
7039
8151
5676
4625
132
7285
5391
8022
3796
979
345
6391
1098
1459
1184
1226
6282
6858
3538
409
5727
4838
3726
4140
847
7876
6030
2373
1129
5229
3329
2798
847
5916
6515
4422
80
5328
3173
8065
4157
6775
4324
6784
8129
402
1618
3866
5566
2893
4999
5247
3304
3938
4295
3144
7776
2574
717
3248
4003
781
7972
3980
4523
1457
1216
3743
2912
3286
649
6609
7040
5772
5682
1875
7163
3423
2193
1090
6505
1813
2121
7150
750
2455
2467
5532
6680
6959
2614
7927
5670
1711
2914
6871
5069
2177
8079
1996
6893
8027
4103
5019
6128
2367
5278
1251
2372
292
171
657
5289
7864
973
5051
7973
747
5885
7796
2249
6624
4602
6246
3883
3379
485
6710
2797
5632
2917
6883
4900
6428
6423
354
2614
7300
8117
6524
263
7286
3267
6505
7560
2284
299
1458
4085
4012
6365
6491
3531
6315
557
1098
726
5556
7877
5889
2085
7353
5066
2353
3887
3743
1115
795
3768
390
233
1339
4324
697
5320
5670
4337
5596
2908
5561
3733
7862
7599
937
4089
547
2838
7476
7762
2202
658
3000
6263
8051
6994
161
8031
2476
170
4363
2095
4282
7788
5537
7139
775
7831
5542
3270
2080
3802
7300
7237
199
1459
2224
2130
8138
4753
3041
1560
848
1537
1501
4339
7936
5583
7112
2425
7793
2568
2374
4686
2961
4904
965
454
7091
1328
2666
4633
857
101
245
2470
8041
3449
3469
7347
2708
6812
6326
5709
1947
6328
1129
2816
416
8100
2193
6938
6199
7613
3534
2196
4039
2008
3366
7290
2415
793
1897
8062
108
2270
18
6199
4991
3978
5527
5817
5378
4347
8170
330
7822
6971
740
191
2062
561
1416
7754
3528
3459
851
4413
3157
7484
5921
936
4630
8152
8042
4996
5972
1609
5031
1519
2931
3369
3950
1727
7914
6148
6213
7225
7968
1015
283
6545
40
5480
1478
29
3427
480
146
7240
2053
6009
3331
1643
6919
4237
2326
1867
3748
4591
1917
4855
4358
3642
6828
761
724
6277
7301
2521
2142
8047
6010
5826
1338
3704
2938
6534
4193
7064
7763
1711
2461
6793
2237
2849
6965
7088
6041
4408
154
7069
3381
4481
7863
2118
5680
4790
3324
3277
1889
4960
8007
7048
2047
4169
7652
2977
2327
2617
1646
1087
6154
4525
4537
2009
5684
1371
6340
4078
6123
8144
1499
2562
7877
4042
5334
7324
1810
5563
3060
5331
4653
8065
58
3575
7127
4531
1957
3364
6428
5564
2153
7665
3350
7730
5682
3326
313
4592
598
7717
697
7338
5579
4146
8082
3114
7727
7577
2097
6084
2791
897
1562
6022
5136
1480
7568
1831
7
2897
7300
4749
733
550
4768
7277
3897
5008
7705
2355
5096
1663
4841
1925
3210
2119
3117
855
5206
2826
4702
35
1398
5402
4126
2716
6350
6162
8179
2701
7009
6586
4045
7024
2084
8098
1561
8064
1537
543
7378
5952
5980
2224
4292
6531
1670
799
2221
2236
5015
5555
3379
3448
1339
7875
1907
7980
3581
6077
377
210
6473
1921
1699
4819
6687
1935
4188
1349
5398
7758
5861
2673
4257
1871
444
121
442
7484
7593
6386
3714
6638
6266
3480
6381
1834
5822
614
5280
2161
7270
5971
1688
3273
7728
2144
7062
6572
2410
584
2632
10
1995
2032
1392
3671
3282
618
5255
2246
5077
5722
4374
375
7748
389
5405
6225
6095
1499
4803
7328
4990
4448
7442
5448
5635
4259
6453
8102
3275
457
6721
1506
3
5738
4280
3263
929
6429
2602
7340
7742
8157
914
7239
7569
7565
3738
6772
4614
6981
2744
3766
2905
5600
4277
6132
8092
7890
6697
1929
3726
2549
5559
6786
719
3806
4515
4410
1
5582
5337
6368
802
4540
7393
162
7590
5515
7795
2065
2902
7785
5609
1379
98
3358
6812
3029
5271
4284
2141
3412
231
5165
4153
6982
7806
916
1591
6671
1618
7436
1401
4029
4976
149
5286
561
6646
1348
8083
2834
7145
7445
4939
4871
2407
7848
4492
2551
890
7379
88
945
6766
2423
2209
4087
3938
3372
415
2073
7262
2728
6393
1154
222
7799
1258
4176
5814
1252
5643
4885
5217
3398
6520
61
5843
8026
30
3190
797
4689
6329
3012
3329
4878
809
928
7526
3536
3598
1249
1257
3538
2891
3829
680
6684
2922
2924
3595
6557
4073
5331
1724
361
7262
4491
7816
8066
2179
6833
7350
7048
4437
3108
7486
3851
1306
3722
1088
6793
2631
3036
4046
3401
8189
5156
6379
2119
6787
394
1494
4710
4034
679
475
2751
5788
6188
1103
2344
1525
4765
7302
4681
6645
5867
2727
6458
539
336
5697
6830
4800
1734
3789
949
4213
1091
7837
1850
2496
488
7720
216
4304
3643
3999
6619
1649
7675
3833
7794
7096
7982
6433
5744
177
3824
6240
6146
2854
282
2508
3449
1638
3356
7921
1054
4034
3502
6701
3158
5639
6086
2129
7726
5295
845
1456
3401
3667
7298
6668
2093
458
3054
350
5773
6128
7188
1677
7544
3864
1269
361
1463
5894
5823
5783
5757
5153
5383
7355
3020
358
7239
5769
3170
2760
2965
6370
7757
2342
3876
5156
1135
7978
1449
221
6830
1028
7869
3154
3209
7393
1097
7796
2973
5455
4522
2066
7290
5644
634
8178
2691
642
3958
5191
873
328
3026
818
7112
527
4204
6625
1380
445
6210
2869
333
103
4708
628
4686
5973
1654
3704
5303
2171
2767
2298
3642
5370
5145
4744
2568
5025
2155
5933
6807
4039
2544
3185
822
8171
4724
7559
4140
991
6556
7617
7764
3223
3919
3732
882
2720
901
795
508
398
6678
3593
8030
4532
1375
854
7853
4442
3214
6294
7705
2953
3153
1408
2005
5218
631
2862
3048
3976
4529
2054
3147
4247
7010
7955
3531
4950
1545
1203
5120
6721
376
2987
7183
3664
7122
6932
8132
6370
7675
1990
146
5468
563
1593
6118
7838
1915
6558
4318
3859
4032
2757
8099
2312
6675
1934
3580
1827
7695
3965
1352
3975
3898
2851
3648
972
2236
5299
504
5624
4360
1212
6366
4383
1338
7663
4108
4514
3101
6083
1981
7083
7323
7583
3102
2795
2946
3583
6479
3868
5437
2925
6841
1966
4939
1101
6904
7491
4116
1113
3012
4210
6377
5020
7149
5853
1050
1683
3282
3642
892
1735
2311
6485
6683
2918
3164
3832
2727
6267
2970
948
5125
3743
6699
5158
6079
3085
2003
2251
1145
7423
5141
2411
7026
6340
705
3474
1626
2677
2636
149
6472
4296
3221
4244
8110
5383
7040
5280
6827
2963
2387
6728
2048
6769
5917
7915
3181
1874
6290
3562
2130
1191
6907
6163
7166
3447
3214
8073
6468
3240
474
4474
7405
3119
6461
5560
1030
2835
4354
3243
4956
2383
1467
5205
7015
815
1416
4994
5544
4796
5330
6578
1043
1852
3212
5655
3443
7469
3319
6244
5605
1033
5638
6937
6110
7080
1177
3525
1005
3564
3730
7024
7360
213
7471
69
3496
4715
717
5029
3614
3816
1508
4218
408
6155
7640
2994
7010
7046
5741
7349
4155
6365
7311
4485
7939
6840
4847
249
5683
1169
4134
696
2503
7840
5012
7141
7459
5103
1227
1925
3030
338
7363
5430
7336
4574
5124
2903
6738
723
4269
2885
8060
5398
5761
3783
3910
1781
1844
2812
7357
6661
3619
823
548
3429
1765
2162
4604
7504
7952
6577
6214
6624
4135
5744
6290
1463
1417
3332
3871
2889
2909
6129
3962
5944
1663
4755
1339
5598
4915
6307
696
4450
426
1451
2880
6030
1509
75
6681
32
3627
3736
2964
3335
706
4324
2805
2095
1417
6440
7552
2770
7373
4144
2869
6105
5409
1440
8177
1874
6101
862
6119
124
6910
7067
74
6493
6887
7749
1592
5827
6431
1971
6899
4757
397
6070
2965
3436
2378
4919
3501
3447
7379
6449
4214
4552
4986
4249
7901
1188
1415
6716
6421
307
6672
1969
2417
5033
6851
1688
6182
7139
6389
583
2589
6420
2632
4686
6503
958
6100
5073
6432
5749
3018
6043
7333
7375
2997
5813
2789
7257
3263
2202
5541
2391
6442
7609
564
3902
2015
375
4634
7297
5740
458
4078
7638
2570
8144
1191
7389
5031
661
3707
6631
5552
4340
678
2834
4060
1004
6795
2681
3744
2666
575
6460
6586
2622
7898
220
6497
5943
5931
5289
3537
5610
7716
6551
1014
4146
3616
5568
3734
8074
7309
7961
356
5787
6631
6426
5816
7883
318
7561
7623
7704
2214
4319
825
4552
259
7639
5753
7723
3304
1734
2282
3122
7224
4554
4122
765
2951
3356
6085
3117
5237
7030
7173
2670
5768
113
5843
3564
6595
2081
7979
1051
1187
7089
1081
6070
2909
4436
5588
2574
3602
7573
7950
7503
1371
7804
601
7071
254
6269
5053
1059
4837
5656
4208
3340
6819
7403
3997
263
7103
3877
6951
7193
7705
774
1420
7360
1144
556
4391
3351
7797
2231
2901
1523
6550
5342
2444
7015
8116
2049
3756
5502
138
1012
6880
1456
4273
5252
4265
3499
3177
1179
3740
4017
4146
5920
8080
1298
6334
6503
7392
6826
4061
998
2280
7006
4608
1640
5810
4383
6564
2229
6333
2224
6541
3245
2214
5050
7959
4585
3862
3987
6738
7971
3132
6885
3507
7893
411
5639
2946
6495
5103
7081
2096
6344
1401
2946
2077
1190
7241
3652
6775
5519
7312
2072
3128
2052
5135
6605
1227
405
6410
7319
5201
7693
7663
548
4712
7650
7040
7052
1846
5501
1979
1126
6310
2913
6608
6342
93
6556
5570
4576
5505
1802
8152
5933
7869
995
3167
4748
3871
409
5980
7240
2963
2577
5719
1521
4536
462
6463
1303
7361
6808
1068
7219
5667
295
6270
366
1971
1229
1818
6403
6376
4448
7700
2381
3092
782
6638
7939
6309
5119
3406
4895
4292
679
631
1069
4691
1405
204
2631
497
6135
6106
1683
685
4790
690
673
5206
3299
1166
1242
5594
359
3431
2088
2053
1140
3687
7844
316
968
1655
4438
7259
2046
2940
5892
1795
6998
506
1827
7953
6380
4187
7694
6149
6177
4905
1800
6555
5621
4722
1647
3577
2058
7574
6608
6731
797
4392
232
3893
3222
703
5468
4617
4497
6304
369
5277
3600
2181
8180
7069
7960
6836
4255
862
8168
3905
4381
7921
3186
3369
8185
5584
1127
287
5735
216
7865
6078
144
2462
5357
4230
4587
3907
354
306
6503
5391
2077
61
7363
6675
3398
6115
3528
568
138
3627
4359
2557
5284
2359
3036
7293
7304
4215
7526
2358
7374
6788
6282
7078
2835
1251
1980
5358
973
7867
8097
1937
4535
6990
3193
4845
4845
5520
5696
4182
5303
1597
5669
3033
3801
7036
6465
2153
5312
5982
6803
4369
4748
5475
620
4394
5272
519
732
7215
3077
3909
5379
7674
5511
2736
8089
7857
2126
6874
7495
5848
4648
4197
3122
365
42
6534
3662
6447
5540
7264
2694
7638
1846
1197
3740
7258
119
7106
2979
1616
7459
6083
7595
5927
7159
6312
2720
7974
2868
6470
2966
3186
2826
4539
5129
5868
4068
525
8190
7832
4264
4717
3805
7036
7989
3613
1548
5250
3032
2592
6986
6101
4071
5779
402
5780
3348
5500
8189
6057
3155
4557
5107
5826
2585
6962
2060
7795
2443
7552
3997
5308
4954
1167
517
4708
8136
1526
1438
7669
2422
6705
1052
3745
1287
5673
6876
2312
2339
1591
4534
1185
7494
7692
2396
7375
6479
3948
7205
2496
4999
1735
7649
5444
6462
3020
6825
1120
6992
64
804
2833
7072
3301
7504
839
5162
4048
447
1636
1988
1427
2720
533
3889
3470
1759
6808
826
7852
2420
5907
2661
3086
930
3529
3143
7962
3775
213
5696
7718
3074
1640
4318
5141
634
1394
1921
3734
1547
152
3525
1802
3900
4442
4604
1853
6407
1495
7916
2279
5513
296
4293
6084
51
2898
1012
3451
1588
3
5297
1910
3440
5643
4915
7584
5796
887
5113
591
1620
4015
2438
3062
5687
3569
1081
7922
6383
5071
5777
5624
1364
598
985
4523
3420
2810
4875
4665
3387
5477
137
61
5720
2033
6655
7345
6914
3322
7703
4795
5310
2815
1544
6886
2182
370
922
3872
2291
4169
6305
5104
2977
6853
1173
2066
2293
8107
5107
4926
5691
2358
6227
2697
731
6014
3719
285
2373
193
7022
716
6497
8063
1177
2303
6435
1702
3610
1700
769
5551
949
2954
838
2513
1393
4395
1050
7423
946
6543
7000
2330
5798
1089
370
7211
4884
3305
405
5534
180
5136
599
4911
3357
1419
1130
3001
948
6833
2187
5695
7413
6847
1247
2690
3281
5246
2059
5956
7045
5094
4006
8155
572
4393
427
4435
7349
6124
7200
3703
3196
6706
4449
1455
1273
6053
1816
910
6345
3298
1045
1638
307
1394
2108
813
7180
3204
160
2199
6431
4975
4080
1107
5786
255
7311
1811
4008
4494
3669
2425
7821
3748
5941
7659
7330
7678
7397
5686
2330
5479
3182
6199
151
3146
352
6184
2837
4185
7270
2856
1407
4765
813
3948
5477
437
1698
3162
3672
4270
5046
6752
3032
5219
3172
5360
965
203
5828
129
7017
336
6518
6148
5369
6559
2345
4527
2241
5526
4691
6298
2674
5673
6789
2378
4174
3543
7043
525
2819
417
2639
8166
7951
7135
6116
3541
5136
1487
6338
4786
1467
5376
6810
6681
718
5261
406
1244
4015
6723
7463
7807
1703
6185
259
7559
7075
1794
4909
1873
3068
601
4810
1098
5599
5888
4920
2770
677
5762
3964
7768
562
695
7902
2445
5311
2600
1449
4035
8141
1777
7262
6144
4208
3405
2787
1695
6525
3205
4315
3826
4749
7329
1059
6404
2754
3406
7229
3950
2077
2145
3397
827
1170
1348
7827
2114
475
7374
5359
6318
3202
6384
2764
7318
5914
5175
5244
112
3471
7714
7046
3564
5248
3717
770
7562
7037
52
1168
8140
3896
5971
7902
2936
90
3792
5797
4090
3691
2455
2725
125
3956
1186
6873
5101
4842
7926
207
4575
2456
6888
4105
4882
6202
4303
3243
322
7218
3946
3734
3362
6695
566
2002
1711
3978
7121
1420
1165
5987
5099
4222
6173
4081
8179
2134
7908
5048
1697
1972
7582
622
3121
7393
6106
900
2991
1430
4234
1817
3448
2089
8004
3702
6535
5754
5210
2556
6672
6625
1862
6267
1840
7427
2344
3825
1266
4087
1457
7720
6416
937
2573
7600
3270
6030
6721
3309
2423
7075
7397
6361
5214
4833
2899
6041
4145
8082
3394
7528
5089
651
6998
7385
7838
3489
416
1988
7300
7278
6937
1929
4279
3899
4161
2070
7191
7058
4053
8141
6019
3056
4171
2426
2651
2554
1940
4121
7793
4478
7185
5633
3946
4244
2929
2670
820
3143
4810
5461
313
6438
1240
78
1698
535
552
1118
3484
793
476
744
1335
7249
7056
4612
1746
5598
3163
345
1763
3872
5385
1973
4628
6806
132
6115
4037
4269
4911
3090
2631
6805
6429
7465
3721
7607
6092
732
1107
2356
671
4527
4388
6237
4084
3759
1871
7506
4634
2567
3504
603
7380
2057
6170
4561
6542
7469
2865
3389
5040
6262
3741
3133
302
3782
3348
6573
5046
4522
2655
1467
3024
6185
5193
558
5068
3519
1200
1083
7318
6952
4561
5676
3711
2207
4149
6360
5269
3778
2222
6034
6090
4651
4121
5186
4386
6185
6187
8082
3704
5495
5315
4818
5652
371
7030
1709
594
6905
6250
2056
822
7100
6271
2155
4230
591
2924
3046
6341
4973
7747
7330
239
5077
7903
7330
1224
5029
4473
1683
6473
6901
838
3077
6568
2271
7883
1422
1680
6073
494
2494
1646
785
6843
807
2320
234
4354
2764
4513
1214
344
4226
7426
1914
1233
4625
4514
5757
2816
7839
2001
4330
3179
5903
2092
7616
1889
7393
361
4015
7219
5534
600
6570
1271
3488
316
8086
1669
5251
2912
2591
6499
2508
2035
6022
2337
2161
7691
793
1495
6961
4360
6878
1427
1589
3980
2501
4869
2119
2763
6702
4951
6257
3677
4301
6373
1257
1949
1489
7162
1119
100
7816
6337
6305
4223
5236
7181
5354
3440
6628
6913
3521
5949
3179
5949
1101
5637
2564
1567
973
7668
6187
2666
4717
6665
171
346
3106
455
5389
3116
224
2000
4305
2982
2385
4101
7957
6832
3493
4534
6345
7787
8145
1849
7469
3422
6749
8016
2709
7089
601
232
7887
336
6084
5881
7469
2144
1113
7433
5874
284
3104
5444
3751
3374
673
1418
1913
6906
7974
4536
6476
3076
7319
7810
1357
5091
7897
2795
5339
894
1991
5874
7856
2764
3785
8175
4448
8025
7169
3643
7226
3214
1513
6580
2588
4751
4015
976
4212
4039
1857
5351
7492
3831
6734
2245
4792
3923
7819
7036
103
7750
5783
3674
6057
674
7098
3323
4480
2384
1558
4283
7220
1206
3937
5471
2526
7277
1397
660
1988
5399
1465
1037
6715
4870
4895
1105
1766
390
3853
5983
5752
2094
329
6442
2384
5087
2603
1237
5025
5982
2262
5240
1248
5386
98
2790
5127
7757
5108
748
733
5215
4725
3880
4965
4100
7605
7620
3407
2694
6896
4685
6177
317
3917
289
4110
8001
1038
6982
7933
1846
5151
2860
2992
4907
7780
906
916
3109
4852
5824
4171
4356
2395
2158
4668
8050
5474
4809
6776
5522
6011
4130
5899
1028
1437
1720
7894
4537
1627
3257
479
5074
3949
1199
3816
2039
1299
5245
6260
7693
6761
7015
3518
3312
7114
1135
3516
3121
498
3074
928
564
5130
4294
4312
6746
748
6997
1404
6933
860
1776
7722
2103
3960
2667
6041
7351
4223
5473
4668
6678
5758
5990
4781
5445
6063
3920
4159
3176
3864
7686
7959
6534
4886
5431
7465
68
8066
1681
5038
5317
659
3789
7309
1127
880
2543
3143
7277
6380
6106
1408
5177
1844
2888
8096
1850
5190
1839
3063
5492
888
394
7458
8075
7372
3505
7741
1268
173
1706
2184
2242
3656
4937
5701
1123
2520
7847
1059
6464
4166
4171
7102
5225
7083
1440
534
7435
5226
2979
3593
6665
1878
4771
2452
4276
7000
243
1080
6635
4055
7180
7885
2193
7852
7553
1420
6494
7433
2730
2795
1549
4400
8108
3574
4807
6406
2590
7438
4883
3735
4699
73
614
2788
1835
1528
7029
4290
7340
4867
62
1340
4093
1472
1135
4776
3558
3240
1279
1866
3765
1388
5139
4022
3714
2525
6642
7407
7122
1578
5374
2684
4317
2453
3768
7216
3141
3172
1550
5741
7934
6866
1011
5695
1643
5784
4753
1603
5775
911
1746
3727
4411
1693
1222
7069
2298
4525
8060
3006
6786
1916
806
1081
2924
7377
5002
7340
6914
2786
4191
5693
2348
4934
5516
5984
2774
5786
5774
5804
678
7224
3020
2009
1179
1379
8118
1110
3101
1695
634
6720
813
5610
3
1336
6400
1665
104
1635
5155
1927
493
3414
2911
2352
4511
463
2145
5582
6374
994
6908
3459
4091
558
7283
748
7331
3727
5164
3575
55
790
929
3125
5571
674
3183
2308
149
4288
4864
7452
5119
2171
6540
3830
1695
3235
7415
6743
7846
2
6072
5319
590
6458
533
4529
4521
2916
7190
186
3847
6082
4413
6816
1026
4476
4772
6003
1508
1279
1931
113
2008
2581
6529
8082
2238
2478
6045
2156
4398
7209
3878
7674
6781
8075
6172
3349
5518
304
7697
5636
3896
7495
4806
6970
1441
98
5640
7957
3509
4664
1908
7755
6430
2510
6668
1083
1003
5623
4573
5869
1560
771
4522
639
4374
4207
7455
4514
1585
5630
1362
6133
548
1134
3436
6851
7862
1754
5884
3971
4112
4365
1647
498
7245
7637
831
3236
7160
3526
5200
155
5953
4339
715
3728
2471
6512
7557
1515
792
2970
231
4940
5991
3505
1247
1586
681
6740
2429
4443
2269
1783
1428
5219
6496
7617
4064
2528
2781
5218
5709
495
6890
6617
8042
7496
7945
2930
1148
1033
3103
7493
1964
4500
43
2233
7822
3296
618
6333
2017
7074
2876
6454
2536
1052
4743
3856
8170
7145
3349
8035
2228
5010
3074
3200
268
6995
453
881
7176
5054
5189
3842
7526
3578
6302
8072
6150
1869
4800
6335
2748
6074
3846
8025
2560
1424
1803
2887
5175
444
3111
5542
7130
4467
4747
933
3665
52
6311
6877
3133
1326
6298
7818
2297
5312
6023
7484
104
4741
6857
3988
5593
1026
2145
1391
707
7215
586
4023
845
7204
5955
4579
4247
7809
7202
5280
2173
3632
4961
3990
2449
7236
2896
1501
3011
7503
5106
118
1290
4141
6793
7299
2659
1292
6526
3540
847
7197
1745
1756
5953
4886
6662
6372
1134
5374
5281
2988
1580
2272
8023
5007
590
7343
741
8051
2578
3820
4357
2396
308
6949
6564
2553
3614
5502
3697
668
2
5245
1445
7005
1214
3515
349
4953
2271
4986
3818
1492
2853
4692
3723
5124
6953
1665
7541
7180
5309
11
8180
4932
247
209
3635
5183
6091
1160
4909
1701
7319
4703
4501
1201
2869
3343
7816
6987
5583
5736
3531
6264
3395
7907
167
2138
2805
4975
2087
6692
988
65
2066
2548
1839
3841
3001
1495
4263
4867
5019
5692
7534
3155
7873
7515
3613
6437
6201
3381
1814
3671
7428
5756
5772
3990
7718
6304
1402
1198
6841
3841
4770
7385
1283
2696
1692
1657
2621
6518
6924
7978
5594
1909
4080
1687
7733
4818
5984
4364
6617
3256
5419
710
2669
776
5215
819
5534
2981
1381
4472
5939
4455
3153
4100
2828
8185
7710
531
5500
4504
3632
3830
7828
6671
6676
8165
1445
7932
4834
3406
4329
3311
6384
4514
3902
508
961
3557
2860
3261
1373
1570
7601
5607
6743
2738
396
2883
2068
655
5185
5566
5895
2330
3962
1797
257
5858
4944
6993
4903
1305
2182
3175
2719
6995
6517
5617
2772
1932
2556
6424
6203
999
1107
3283
900
2302
901
1831
3286
3826
6108
1348
3649
3229
4064
8124
5845
6191
7676
7583
3873
1535
4872
5295
3028
2942
1369
7142
3937
166
2039
1217
4186
4410
843
4556
3170
328
5718
6035
2129
6546
953
4064
4974
5911
3954
3281
8070
1304
275
3689
2320
3673
4551
3475
3260
3669
5925
5258
6795
3546
2951
1856
1550
2770
1290
7415
2222
7651
1674
5285
4804
6587
7441
946
7480
2441
4887
7296
7402
738
5346
2280
3732
6730
2814
5103
7265
656
1227
2849
6559
6692
904
8142
3384
1344
2707
1481
3568
4461
6858
339
7325
2553
4809
263
3788
7133
7137
4283
4569
700
762
5292
460
4964
7625
1060
5140
6151
8156
2578
3077
4000
335
315
2550
3891
5091
1918
5939
5566
3311
7598
3444
6908
3423
938
592
3835
6193
7374
3184
4683
1706
2271
7076
4844
1099
2092
3579
2788
3980
3342
3662
1781
1235
5479
5246
1108
7299
5926
2527
1404
6456
1225
5673
2848
5896
4579
6284
3467
3817
691
1912
1247
2462
2342
5948
1720
5104
6482
5821
2945
2779
218
4712
3424
2809
2143
7182
201
7220
7002
2988
82
5014
1595
1566
4759
3040
270
7591
2892
5323
8188
4842
1339
3234
3102
5744
2234
3023
1414
2639
727
729
183
5352
4449
3584
2845
6401
1363
7103
5512
6594
2495
4899
2889
5011
5164
580
8148
4868
4880
7155
6751
5008
11
3193
7046
3966
6427
297
2130
3037
927
3343
365
8067
1540
2055
7649
7683
7178
3557
3306
4332
4746
946
6055
1830
687
6985
5637
3656
4952
3441
7143
2510
5870
4834
7670
5075
2823
6671
1902
2267
6143
7681
6641
2197
3276
1978
4659
6247
3520
7273
2835
5872
7384
3461
5601
6764
2806
2895
2577
7544
6543
7423
3776
3969
3113
945
6729
8174
5127
1573
760
5935
7147
984
6579
8153
5699
1821
5245
3994
6145
6464
6691
5386
2780
793
8028
6572
4747
2745
7200
54
3044
1763
2209
7434
5875
5648
1176
1134
3595
1409
2377
7802
5139
4391
7301
6195
2334
5235
3400
5044
5038
993
5271
4995
2090
1308
4096
6336
6896
7875
1742
1573
4551
2019
5599
1387
4200
2525
1247
6197
7181
3503
7782
7308
4482
2002
3105
7847
13
7501
2589
2868
7230
4783
5817
1641
7600
3200
5495
2830
6532
2681
5507
620
6916
8034
5140
6543
2325
2343
1853
946
335
7378
1820
5351
4561
5139
8026
3682
3624
2990
7678
4045
1953
4238
437
7017
64
2731
2587
3746
5136
6092
105
1100
5502
2969
3185
688
5930
1487
1492
5452
6979
2792
1967
7028
3071
1950
1756
4590
6642
1371
2437
2653
7865
7819
70
6338
2509
4044
2930
6770
4584
2249
7691
1261
392
4082
7593
982
3397
834
7246
3812
3598
2347
1586
2633
6633
1262
6044
388
7951
7492
6819
7683
1663
2475
7433
7525
3382
1866
7257
8112
4534
239
6796
6707
5350
5508
1408
4737
2534
7260
5368
7301
5033
8086
127
4759
3681
2726
735
3705
1670
1802
5112
4687
2492
1247
6767
4647
5309
6744
714
3663
5090
5798
1148
7879
7264
5544
6646
5738
3964
5473
8075
1062
7589
6273
1477
6328
2021
3863
3043
3022
1460
7343
3031
3226
4976
5898
7247
7195
6941
2216
4411
3227
2453
7379
8025
7987
3078
7865
533
103
5396
2595
391
7830
6543
2666
965
2904
4084
7144
2857
996
5072
1630
4831
2169
2507
3381
4883
13
3895
1850
2986
4598
6245
5267
2977
7200
3589
748
7776
2159
8104
2101
4150
2434
2036
4051
6052
1478
5900
6623
3933
2889
1563
5203
4664
8017
6606
220
6286
1815
4713
5460
6207
5299
667
5898
5265
4540
36
329
4317
707
5138
1365
1104
670
5634
7495
4701
3419
7481
7360
3042
170
682
6888
4467
3853
907
603
3692
5209
388
6031
2961
6933
1045
1888
4986
5174
4065
6343
5318
7210
4501
483
5944
7150
2508
1402
221
6665
5969
8026
1269
2528
6610
192
5124
4077
5892
6013
3648
7123
6231
2313
141
8042
5079
7380
6333
4449
1321
5508
5587
3422
1296
1921
6623
6446
4399
7053
1971
6664
203
8106
2432
7716
5681
3854
7780
2433
4522
7723
6971
2655
8171
4798
3066
5957
6697
5362
2658
1904
2999
2085
5930
5514
1231
5072
5448
1623
851
878
614
160
2614
2850
2682
3424
4956
5122
4808
5818
3198
825
1399
3780
5969
6385
7070
3551
2917
7661
2131
219
2828
5959
6632
3056
1269
8019
1188
5966
1230
93
5741
4119
5198
2831
8181
5274
2855
1874
5507
2333
2763
7508
3822
5107
1815
3782
4357
398
5977
2318
1589
1375
7436
6946
4948
6319
5264
4199
6423
166
7788
4493
2497
3772
1974
289
3016
3977
2453
227
2306
6938
6540
7186
519
7260
3931
8175
2020
5222
7506
5459
2784
4120
4921
4926
681
1188
4933
2661
5913
6540
5770
3301
3348
5909
6479
1037
2515
5955
5982
4503
4455
383
3942
6944
2506
3689
127
130
6174
8177
5314
541
1403
6857
6797
1616
5762
4209
4004
2273
7542
5837
7457
2020
2471
4906
2862
3161
7664
7696
2846
3637
4043
3082
7500
2446
7088
533
3706
4839
878
7182
6790
6668
2098
3642
3577
7218
4585
673
7696
5892
1518
3838
6758
7844
701
4847
6706
316
3956
6229
4382
7281
1303
1315
8121
5440
787
8099
3790
5105
7845
2286
4816
1524
6289
1972
1915
511
262
7403
6229
4879
3964
6087
4108
2297
6833
3543
2113
5546
608
681
6594
4635
3202
170
146
2682
7745
8058
4377
7432
1687
3116
4012
6128
1404
935
8155
2124
3433
2199
5587
3574
559
3146
7465
3509
2988
8055
4887
1400
7716
5380
7824
5732
7600
2543
6568
6032
7471
6935
587
3201
4248
4366
3112
7839
4812
7527
3339
2948
505
2561
3151
5920
7346
3242
5306
1037
1020
3931
1988
670
4620
4878
3551
5454
1647
197
2000
1203
4550
7981
2677
1039
1705
7134
3098
4210
2689
5132
3867
5728
3712
2880
2402
1092
7019
1715
5827
4887
5636
5101
705
679
1863
2450
3362
5426
3089
5559
7850
4065
470
3798
5441
3411
7991
106
4234
7976
932
1142
7128
3715
6873
3560
5257
1384
2361
6053
7191
8045
3029
131
3238
7213
4242
2314
464
7786
1134
5466
3324
7408
2730
2033
5378
5268
134
2971
4279
868
3769
2153
6409
6963
6591
5102
2514
5376
2523
5915
1208
5873
3686
3721
898
1157
1922
3412
4338
1312
5758
4805
434
2496
1588
6293
4200
2440
8113
4149
1984
4191
6110
2765
5444
5685
2871
4013
7471
5163
3567
6930
6360
2736
4192
4562
212
7557
1897
637
1360
1329
4760
290
380
5766
483
5550
2772
5711
2898
1715
1767
8131
3710
275
3954
5830
7840
2829
5729
786
145
1296
3203
1761
3231
2047
3103
872
5604
5815
3128
63
4684
3172
7441
4670
5907
691
5963
7298
4551
4161
7296
1439
688
6578
7395
1715
1118
5570
5513
1381
7837
2163
5596
6409
2110
4879
2597
2775
2305
2406
6377
3542
4071
283
6154
6966
5403
6783
1545
2147
4887
3290
8047
7293
2094
4037
7691
4505
7978
2738
4185
762
1941
6609
1540
5182
2128
3850
6331
7947
6923
1871
7846
3510
1415
4966
4196
956
3331
2375
7347
2611
3704
5255
3928
6554
3820
5072
4577
7738
1274
7293
6113
5260
6171
6020
5275
903
2871
4813
1858
4120
7154
1003
4438
3138
993
5388
5789
2799
3794
1973
2349
1442
7026
947
6495
6458
343
6557
6099
506
8087
6428
5887
3226
7704
6997
3557
6753
5523
3061
7101
338
4177
8150
7384
2310
4249
2732
1656
6571
2178
1823
7947
1889
7846
2737
4500
4897
6183
6975
4203
7798
7360
5290
6511
3170
5753
1342
5003
4960
736
1519
5259
2000
3614
3168
748
3937
7233
4114
4181
5017
5773
7905
4005
4311
2614
4179
4345
1828
5086
303
3200
6469
7681
2882
2935
5377
1171
3927
0
3312
2468
3103
5817
2326
1773
7228
4027
4436
8181
7086
821
3163
5668
2769
3275
2543
6594
6052
2088
4583
3039
8077
6937
7626
6167
2571
571
1203
4901
6878
7301
5177
839
5939
6400
2523
4062
4433
5381
5222
4764
4387
1883
4316
2298
2780
1558
2319
6680
6347
5788
6574
808
6275
1509
6451
4614
3927
7338
4143
3830
1628
6603
3619
1929
5511
6998
7405
5922
6058
7150
178
1470
4867
6533
5312
6842
5051
4319
294
3183
7425
5782
849
4776
5059
3156
147
5055
4582
3341
2085
2840
7409
6965
3697
2967
7865
6955
568
5928
7560
7526
530
6666
923
5841
5099
6168
206
2767
1504
5461
3506
3494
8027
6462
6951
3416
4381
5234
8018
6964
6878
7882
3769
1213
3341
5309
593
5178
1517
5987
6287
4405
2918
7020
1259
2361
6202
1917
5906
1809
5626
1837
1717
4565
7990
334
3185
4027
6778
6265
393
3917
505
3321
600
7033
2402
3777
397
7687
4042
2741
2071
935
3073
5328
1981
1206
4935
4961
2360
5676
7089
6234
7082
4964
650
3067
4141
6431
840
3814
7033
5448
3147
1375
3998
2233
3044
5586
1104
5615
4732
7034
1184
471
1842
2937
6612
1272
7263
5682
3300
6253
4950
5376
122
6972
3244
4610
1457
914
6065
7857
3281
2289
5082
3911
4947
4048
5551
1061
6443
1510
2855
5421
3165
3226
7661
4613
835
7118
651
6128
4347
2818
2049
7277
1259
3570
4666
2608
5179
467
4649
4993
3303
6807
4095
3566
3100
1651
3658
4896
4236
6090
271
7093
7401
524
6810
773
739
30
704
3413
1317
8107
5730
6682
4964
875
3790
1406
4404
549
3651
6689
3257
7265
5024
3714
4231
8126
8074
57
778
1373
5467
76
2577
3510
3834
4924
6625
3467
4656
2219
607
3849
1458
2644
711
808
4821
4299
2958
8141
5553
7303
4117
2107
1939
4037
3631
6616
3987
1382
4814
5335
4858
1034
461
3938
5170
2942
5756
1196
3252
3134
1204
5528
1737
6784
2921
5420
6533
3121
3142
4911
5976
3458
3546
3683
4376
4944
519
7732
2300
5427
6180
4646
3759
6155
3401
2172
7417
6700
3535
7157
5980
3690
1562
2877
2380
5375
3893
6017
5876
2051
7172
4231
6289
5129
1887
7325
5244
2159
6595
1144
271
2679
2339
5310
1843
2878
7958
39
2526
3150
5324
4396
1821
8014
2660
1405
5892
2228
1252
2147
3663
5988
7641
1351
4222
1576
1782
3582
977
169
3677
2044
3116
7084
3197
529
5497
5575
7807
3553
4021
7765
2127
2961
7072
30
3165
5197
1356
7210
5721
5379
45
2174
3876
1037
7558
910
5521
4958
2514
7642
1983
8175
4175
481
1895
7338
7450
4624
8181
6865
33
5241
5199
7832
7730
7185
7170
2440
3235
7259
545
7410
264
4705
7309
3908
1264
8118
6019
1126
222
2555
6542
2587
1451
848
5802
4065
3289
4972
6816
2483
1083
2734
2615
7498
5324
4857
7640
6912
5732
5903
4108
6693
2004
2168
7207
4700
3229
3002
106
2367
1559
2175
2317
6216
5489
4500
716
2100
8007
2658
2832
5475
6496
3149
5718
3652
6471
1387
7010
3890
4241
4329
2279
7584
1202
929
7347
6566
7905
4029
3629
3299
6305
4438
3112
4159
1716
2941
8028
2109
2955
1689
4878
5638
27
839
1143
4185
1194
4761
5312
1179
6090
1797
352
4282
4041
4331
6653
6351
2175
1015
6951
2057
5374
1421
4509
3691
2406
4745
1378
2634
5705
1628
1672
7384
3374
3849
915
8137
7828
6076
865
936
1886
3140
2042
2821
59
5612
1629
4094
193
6504
5989
5303
7314
3472
580
6945
3967
1011
6374
7828
4775
970
5544
5783
3258
4852
6310
3115
209
301
7646
2893
8060
4652
1583
3287
6972
6843
6488
8073
2998
541
6412
6770
6456
4365
2934
640
1082
1389
2465
5655
885
3993
1022
1165
1935
3200
4256
3814
7935
7436
3314
2100
4488
3440
1192
3695
2887
2440
4959
6743
1671
2340
5089
778
3336
6257
659
7924
4477
5493
7877
2566
3183
2434
7382
7225
6802
244
385
4686
614
8093
400
1685
649
1557
669
5053
3959
5079
1713
1751
3574
2582
2024
2060
7732
2060
4531
1627
857
3911
7660
4073
938
1610
5281
7584
4167
4806
2693
6508
2528
2352
7201
3749
5056
821
4175
5321
4858
3418
5466
7837
3830
6215
5931
2254
3843
1237
7523
2502
6571
4727
7463
2635
4883
4973
1934
4150
3198
3737
893
6227
7657
7605
5333
7082
344
616
7332
2749
7335
3176
5204
7324
4453
1422
4767
6436
4592
4805
5013
6112
6111
7713
4129
1563
6684
2149
1329
5733
6683
8152
2882
3367
2254
7665
5408
7603
1848
2758
1509
4488
1722
23
966
2564
3304
6329
3623
6313
2541
7389
5031
4589
723
4034
118
5276
8060
5521
6493
1982
2817
7411
1352
2488
761
4682
4690
5604
7156
2959
7576
3622
3745
3061
3173
6585
6116
916
2997
690
1722
5829
8070
879
7384
5550
280
4606
794
197
522
450
6685
6975
5717
7620
866
5946
6477
7533
4578
5741
3968
2443
3323
6498
4597
626
151
2202
3479
1757
3433
2062
1535
3179
4053
1311
3294
2201
17
8044
622
8012
8079
6770
4179
4563
1052
7009
7006
1824
3661
1372
7092
4135
1451
3723
2793
1907
85
67
8146
6717
7418
4372
5665
3658
5515
1012
49
191
3798
7768
809
1695
1780
6079
7492
698
2820
7992
3127
2974
1730
7214
5087
1548
10
6909
3360
8167
6368
3566
2218
4399
7962
6527
3013
2908
3570
5628
7637
3382
6017
1829
3989
7694
6097
6292
6491
3510
1676
1628
263
4143
5255
5553
2972
8122
5957
2534
8139
3294
3044
5231
4169
4547
5373
6241
1338
2300
5059
7668
3802
1104
1070
4933
56
5962
32
7417
3111
7473
3759
2695
173
6195
3629
3188
3057
3970
4814
2538
619
3555
7311
6720
3966
3792
4198
1533
4620
1109
7953
533
3492
5534
907
7340
594
332
4340
2441
4336
1562
6649
29
5402
4408
5951
3881
6635
6030
5875
6811
6380
1088
2895
3399
5542
7074
2233
1828
2793
2499
1557
1105
3096
3149
2932
7188
3217
4320
7497
6421
7720
1515
5819
7259
3519
2472
5655
4274
93
4234
7572
3990
3311
5327
7080
5708
5547
2118
7236
568
687
7894
3081
7711
1260
3611
3013
1257
4317
4050
2795
1501
7166
4420
6229
3375
812
547
8144
959
3256
5353
1790
6459
5154
6271
5168
3072
2607
5758
3478
3531
143
3830
3627
4088
2061
1771
309
3796
6988
694
1409
6765
6676
813
2213
4772
3016
2412
2649
4629
3851
208
4824
772
3011
2918
2218
5547
202
5967
3329
2276
4951
2729
7909
5225
4659
4354
6245
7393
3630
5463
952
6686
5203
7409
3481
2547
4516
4864
5283
8054
3358
5783
4420
6016
6468
2693
7743
3451
7282
303
7735
3294
3549
2417
7944
1737
8068
2521
4353
4680
2881
7616
3725
4401
5855
1699
4822
6711
6521
6216
5369
2082
6315
6135
7179
6638
3
4124
6619
4723
7933
3794
2568
2281
7298
7763
1331
3469
2407
920
4361
1242
6657
1510
6838
7305
4394
56
1935
4798
2749
5230
7533
2818
6338
973
2043
1395
7219
7850
2211
6642
2505
5791
3138
5931
991
3831
851
6206
8049
810
6197
7432
6933
3064
1072
6415
2091
4940
107
2809
2270
2765
1649
3941
5693
2178
7770
500
4822
2693
4753
4326
1401
2748
3500
7043
6284
7538
6725
272
2924
6905
893
5004
6370
2372
7138
2730
6064
5498
3482
5133
3477
2054
3968
5743
7009
6930
3708
7825
1760
4633
1841
7320
226
4540
6696
7145
5
5280
2973
533
4228
4672
4287
7345
1341
4041
6000
2782
4818
2914
5375
3076
5222
3509
1529
2069
5785
695
1913
446
888
5312
5238
2839
5898
2034
749
625
2742
1837
6527
3601
5531
2309
4741
4416
5174
3674
4894
3851
5005
7234
126
674
1841
6336
524
3018
4178
2346
2567
7930
2902
6205
6073
840
3147
6491
7402
6375
5924
4410
1195
7411
2729
2225
1004
1286
1037
2931
5599
5701
2414
1597
4207
8144
7149
4688
2510
7358
1015
8078
619
554
7492
3292
6353
1170
4766
1074
2881
3607
3634
3226
6298
7144
6483
4419
3239
6910
574
1692
1918
3800
5997
819
551
7091
4995
7005
2668
2504
3088
2040
6801
145
7615
37
8015
1579
1270
5150
1511
5292
2184
1978
5566
4370
4241
4909
1321
1820
7607
4216
2276
865
4318
3652
6824
6234
2499
745
6010
4328
4474
5012
5188
8046
5559
3648
4563
1541
2509
1536
3168
2989
3363
3875
2541
730
7036
1480
2796
3507
5667
2416
7820
8075
1415
6637
1393
3345
1658
5837
107
1647
3525
1390
7044
44
5742
492
3982
5982
3266
1122
5278
165
6387
6556
1752
4839
4924
2668
5330
4225
6236
5886
7426
7279
3283
1738
5993
4943
8113
7985
3100
6080
4273
2518
251
581
4732
4888
5079
231
8032
3209
1539
7006
8109
1776
1720
7348
7185
3110
6064
6487
6140
8088
1940
1167
38
2805
1521
1356
7424
5274
2702
6588
6348
4717
3217
2741
7145
5155
5094
6810
4354
3105
4218
842
5547
335
3847
1990
7554
3090
2803
4707
5644
7484
4381
8051
5203
6656
526
7728
3079
162
3248
4799
3880
1735
6184
276
6004
7605
1712
6944
3545
1935
4023
3705
4857
4434
362
7551
1447
2638
7525
7193
1239
5786
3818
5354
559
7581
1980
3041
5640
6475
4697
4173
5693
6579
621
4692
5357
2361
1759
1250
5386
6366
2711
2631
8061
5277
2732
4754
1944
7062
2582
4283
6357
3809
3529
6114
3654
3798
4441
636
1695
1774
7766
6226
7142
4903
2515
2324
7354
2555
7919
691
5627
5968
7837
3475
6206
1828
8168
5150
1269
7032
7518
1412
5825
7207
6449
2280
8108
8176
7986
349
5016
1234
156
1546
7799
7872
8099
2972
630
5346
3940
1057
1200
6028
1934
1190
7627
3856
6595
2141
4760
2861
6664
6513
3782
5240
1164
69
5623
1768
821
6617
5608
3168
1693
644
5375
3823
825
3959
3249
1736
7977
2401
5459
5230
4915
1713
7112
6972
7638
4861
2140
3343
3733
424
5327
385
1700
4029
3664
6291
191
1928
969
6897
439
2249
2722
1214
5461
4779
461
6525
1545
3803
3800
4213
4407
1265
6544
1119
1579
3348
3084
3249
2722
902
1529
2775
5929
3049
1958
1120
4230
2618
7148
584
5064
1442
7445
3126
5013
2706
2566
5977
325
2137
1215
8149
3873
879
1026
202
5857
182
1904
918
1137
3138
2851
1767
7775
3380
5635
179
6316
4490
4567
5025
4576
763
3643
7530
3080
6231
5769
7552
597
7121
2044
2851
4215
2914
103
6865
4590
6184
6517
2695
7822
5692
2204
640
1766
6270
5381
6118
2282
2569
2905
5476
3350
3816
6370
4633
6374
4872
7612
7350
1981
3031
7926
6822
4859
1836
6267
6599
6402
4280
4735
1935
7572
3043
2806
3836
421
8017
2409
1513
2783
7191
7972
4987
4467
3662
6301
8188
5224
5974
7322
2271
4105
424
5298
6727
3846
6147
3990
3496
3465
306
3024
2187
7701
6207
245
1806
3030
1990
456
5761
5762
3149
1160
6723
2829
2852
5314
1957
5307
3308
3379
1816
5865
1748
3858
1565
1036
5419
4338
3416
7884
1010
2584
6759
6814
5402
4768
6700
1835
3069
1638
5157
6826
3476
1092
3105
305
3675
7813
2062
22
4453
593
2674
3176
7827
7224
4002
309
1245
1814
6024
5684
5279
6945
3315
4577
1739
1392
3739
5150
314
2089
6017
2496
5330
6790
434
6078
5474
4663
1724
2293
6379
6192
3919
5705
3753
1810
2939
6686
7875
3162
1593
4526
4473
7832
4955
7415
5531
7584
2584
7770
5801
7852
1940
6797
7743
6656
1189
1679
4939
2974
7302
618
5229
2664
1373
2942
2043
758
6125
6072
2076
1175
1247
7211
4182
2556
4412
1481
5332
3233
4390
2882
7091
1396
6763
3367
5204
30
5412
5906
3473
7541
5887
7318
3449
7908
6191
6600
7863
7787
3049
5442
6526
4069
6436
5185
5937
6058
1119
3478
1895
7333
3322
6816
7678
2113
1672
1024
2139
2659
2544
6137
1151
7175
7803
6463
1970
5641
1659
1387
550
3340
7872
6509
7734
1677
3661
4339
2146
4361
6926
5015
4658
2385
2049
2409
3854
3720
5338
279
3236
7388
6931
5900
5935
2793
4279
2181
6128
4084
6132
4875
1043
6282
6249
7062
7498
3594
4923
5259
4722
981
1803
3017
3058
5521
4370
1711
382
5636
866
5951
82
2494
1839
4380
4920
7641
32
7608
244
5849
452
2983
8159
2260
6779
1318
7193
5941
6926
7589
5012
4751
7463
5584
6851
3715
5426
2724
3549
3176
2157
8085
7376
2585
883
2069
8172
7357
1978
3155
1473
7812
2475
2737
4393
4955
4533
7952
2716
5518
4203
1610
182
4100
4476
1023
3919
2954
8
8139
3886
6200
1656
779
5344
6067
1585
3888
5441
6838
938
7435
410
2299
6068
1612
2591
369
47
7023
2379
8095
2909
311
53
5628
65
638
3478
7037
4832
3644
1797
186
172
2068
5453
6145
7184
7492
3669
4198
7767
2827
5526
59
1689
419
6505
7637
4138
2884
6296
2187
6617
1339
2106
1800
4930
3727
4949
3833
603
6416
6464
1291
8190
5238
5948
2108
6107
5436
1940
2375
568
6471
7132
5404
694
6497
4021
6481
8065
4181
535
690
2785
5822
4261
2924
5113
3573
3092
4047
2743
7665
3947
4693
6383
4920
5150
6813
3323
5284
6268
5161
55
4084
4220
4942
1959
6740
5353
5761
5045
6956
2874
7034
3144
8033
2219
6442
6725
5756
713
5526
2753
1722
5048
2336
492
3757
2879
5298
